# Created by Octave 4.2.2, Mon Oct 07 14:33:43 2019 IST <sahil@sahil-Vivo-15-ASUS>
# name: v
# type: matrix
# rows: 5
# columns: 1
 0.05422331467611434
 0.1773985078123818
 0.8491607209830695
 0.6989135665108221
 0.1529070582087064


